9.370000000000000000e+02 6.110000000000000000e+02 2.300000000000000000e+01 1.900000000000000000e+01
9.360000000000000000e+02 6.120000000000000000e+02 2.200000000000000000e+01 2.000000000000000000e+01
9.340000000000000000e+02 6.140000000000000000e+02 2.200000000000000000e+01 1.900000000000000000e+01
9.330000000000000000e+02 6.150000000000000000e+02 2.200000000000000000e+01 2.000000000000000000e+01
9.310000000000000000e+02 6.160000000000000000e+02 2.300000000000000000e+01 1.900000000000000000e+01
9.290000000000000000e+02 6.170000000000000000e+02 2.300000000000000000e+01 2.000000000000000000e+01
9.270000000000000000e+02 6.190000000000000000e+02 2.300000000000000000e+01 2.000000000000000000e+01
9.250000000000000000e+02 6.200000000000000000e+02 2.300000000000000000e+01 2.000000000000000000e+01
9.230000000000000000e+02 6.220000000000000000e+02 2.400000000000000000e+01 1.900000000000000000e+01
9.220000000000000000e+02 6.230000000000000000e+02 2.300000000000000000e+01 2.000000000000000000e+01
9.210000000000000000e+02 6.240000000000000000e+02 2.500000000000000000e+01 2.100000000000000000e+01
9.190000000000000000e+02 6.260000000000000000e+02 2.300000000000000000e+01 1.900000000000000000e+01
9.170000000000000000e+02 6.280000000000000000e+02 2.400000000000000000e+01 1.900000000000000000e+01
9.150000000000000000e+02 6.290000000000000000e+02 2.400000000000000000e+01 2.000000000000000000e+01
9.130000000000000000e+02 6.310000000000000000e+02 2.300000000000000000e+01 1.900000000000000000e+01
9.110000000000000000e+02 6.330000000000000000e+02 2.500000000000000000e+01 1.900000000000000000e+01
9.100000000000000000e+02 6.340000000000000000e+02 2.200000000000000000e+01 1.900000000000000000e+01
9.090000000000000000e+02 6.360000000000000000e+02 2.200000000000000000e+01 1.900000000000000000e+01
9.070000000000000000e+02 6.370000000000000000e+02 2.200000000000000000e+01 1.900000000000000000e+01
9.050000000000000000e+02 6.390000000000000000e+02 2.200000000000000000e+01 2.000000000000000000e+01
9.030000000000000000e+02 6.410000000000000000e+02 2.200000000000000000e+01 1.900000000000000000e+01
9.010000000000000000e+02 6.430000000000000000e+02 2.100000000000000000e+01 1.800000000000000000e+01
8.990000000000000000e+02 6.440000000000000000e+02 2.400000000000000000e+01 1.800000000000000000e+01
8.970000000000000000e+02 6.460000000000000000e+02 2.300000000000000000e+01 1.800000000000000000e+01
8.950000000000000000e+02 6.470000000000000000e+02 2.200000000000000000e+01 1.900000000000000000e+01
8.930000000000000000e+02 6.480000000000000000e+02 2.200000000000000000e+01 1.900000000000000000e+01
8.900000000000000000e+02 6.490000000000000000e+02 2.300000000000000000e+01 2.000000000000000000e+01
8.880000000000000000e+02 6.510000000000000000e+02 2.300000000000000000e+01 1.900000000000000000e+01
8.850000000000000000e+02 6.520000000000000000e+02 2.600000000000000000e+01 1.900000000000000000e+01
8.840000000000000000e+02 6.530000000000000000e+02 2.300000000000000000e+01 1.900000000000000000e+01
8.830000000000000000e+02 6.540000000000000000e+02 2.300000000000000000e+01 2.000000000000000000e+01
8.800000000000000000e+02 6.550000000000000000e+02 2.400000000000000000e+01 2.000000000000000000e+01
8.770000000000000000e+02 6.580000000000000000e+02 2.300000000000000000e+01 1.900000000000000000e+01
8.750000000000000000e+02 6.600000000000000000e+02 2.500000000000000000e+01 1.900000000000000000e+01
8.730000000000000000e+02 6.620000000000000000e+02 2.400000000000000000e+01 1.800000000000000000e+01
8.710000000000000000e+02 6.630000000000000000e+02 2.200000000000000000e+01 1.900000000000000000e+01
8.690000000000000000e+02 6.640000000000000000e+02 2.300000000000000000e+01 1.900000000000000000e+01
8.670000000000000000e+02 6.670000000000000000e+02 2.200000000000000000e+01 1.800000000000000000e+01
8.650000000000000000e+02 6.670000000000000000e+02 2.200000000000000000e+01 1.900000000000000000e+01
8.630000000000000000e+02 6.690000000000000000e+02 2.100000000000000000e+01 1.900000000000000000e+01
8.610000000000000000e+02 6.710000000000000000e+02 2.200000000000000000e+01 1.900000000000000000e+01
8.590000000000000000e+02 6.730000000000000000e+02 2.100000000000000000e+01 1.800000000000000000e+01
8.550000000000000000e+02 6.760000000000000000e+02 2.300000000000000000e+01 1.700000000000000000e+01
8.530000000000000000e+02 6.760000000000000000e+02 2.400000000000000000e+01 1.900000000000000000e+01
8.510000000000000000e+02 6.780000000000000000e+02 2.200000000000000000e+01 1.900000000000000000e+01
8.480000000000000000e+02 6.800000000000000000e+02 2.300000000000000000e+01 1.900000000000000000e+01
8.460000000000000000e+02 6.820000000000000000e+02 2.400000000000000000e+01 1.900000000000000000e+01
8.440000000000000000e+02 6.830000000000000000e+02 2.300000000000000000e+01 1.900000000000000000e+01
8.430000000000000000e+02 6.840000000000000000e+02 2.300000000000000000e+01 1.900000000000000000e+01
8.410000000000000000e+02 6.860000000000000000e+02 2.400000000000000000e+01 1.900000000000000000e+01
8.390000000000000000e+02 6.870000000000000000e+02 2.200000000000000000e+01 2.000000000000000000e+01
8.370000000000000000e+02 6.890000000000000000e+02 2.200000000000000000e+01 1.900000000000000000e+01
8.350000000000000000e+02 6.910000000000000000e+02 2.200000000000000000e+01 1.800000000000000000e+01
8.340000000000000000e+02 6.920000000000000000e+02 2.100000000000000000e+01 1.900000000000000000e+01
8.320000000000000000e+02 6.950000000000000000e+02 2.100000000000000000e+01 1.700000000000000000e+01
8.310000000000000000e+02 6.950000000000000000e+02 2.000000000000000000e+01 1.800000000000000000e+01
8.290000000000000000e+02 6.960000000000000000e+02 2.100000000000000000e+01 1.800000000000000000e+01
8.270000000000000000e+02 6.970000000000000000e+02 2.100000000000000000e+01 1.800000000000000000e+01
8.250000000000000000e+02 6.970000000000000000e+02 2.200000000000000000e+01 1.900000000000000000e+01
8.250000000000000000e+02 7.000000000000000000e+02 1.900000000000000000e+01 1.700000000000000000e+01
8.220000000000000000e+02 7.000000000000000000e+02 2.200000000000000000e+01 1.800000000000000000e+01
8.210000000000000000e+02 7.000000000000000000e+02 2.100000000000000000e+01 1.900000000000000000e+01
8.190000000000000000e+02 7.010000000000000000e+02 2.100000000000000000e+01 1.800000000000000000e+01
8.190000000000000000e+02 7.010000000000000000e+02 1.900000000000000000e+01 1.900000000000000000e+01
8.160000000000000000e+02 7.030000000000000000e+02 2.200000000000000000e+01 1.900000000000000000e+01
8.140000000000000000e+02 7.040000000000000000e+02 2.200000000000000000e+01 1.800000000000000000e+01
8.130000000000000000e+02 7.040000000000000000e+02 2.100000000000000000e+01 1.900000000000000000e+01
8.110000000000000000e+02 7.050000000000000000e+02 2.100000000000000000e+01 1.900000000000000000e+01
8.100000000000000000e+02 7.060000000000000000e+02 2.100000000000000000e+01 1.900000000000000000e+01
8.080000000000000000e+02 7.070000000000000000e+02 2.100000000000000000e+01 1.900000000000000000e+01
8.060000000000000000e+02 7.080000000000000000e+02 2.200000000000000000e+01 1.900000000000000000e+01
8.030000000000000000e+02 7.090000000000000000e+02 2.200000000000000000e+01 1.900000000000000000e+01
8.030000000000000000e+02 7.100000000000000000e+02 2.200000000000000000e+01 1.800000000000000000e+01
8.010000000000000000e+02 7.110000000000000000e+02 2.000000000000000000e+01 1.800000000000000000e+01
7.990000000000000000e+02 7.120000000000000000e+02 2.300000000000000000e+01 1.900000000000000000e+01
7.970000000000000000e+02 7.140000000000000000e+02 2.100000000000000000e+01 1.800000000000000000e+01
7.950000000000000000e+02 7.150000000000000000e+02 2.000000000000000000e+01 1.800000000000000000e+01
7.930000000000000000e+02 7.170000000000000000e+02 2.100000000000000000e+01 1.800000000000000000e+01
7.910000000000000000e+02 7.180000000000000000e+02 2.300000000000000000e+01 1.900000000000000000e+01
7.890000000000000000e+02 7.200000000000000000e+02 2.100000000000000000e+01 1.800000000000000000e+01
7.870000000000000000e+02 7.210000000000000000e+02 2.200000000000000000e+01 1.900000000000000000e+01
7.850000000000000000e+02 7.230000000000000000e+02 2.100000000000000000e+01 1.900000000000000000e+01
7.830000000000000000e+02 7.250000000000000000e+02 2.100000000000000000e+01 1.800000000000000000e+01
7.810000000000000000e+02 7.250000000000000000e+02 2.100000000000000000e+01 2.000000000000000000e+01
7.790000000000000000e+02 7.280000000000000000e+02 2.000000000000000000e+01 1.800000000000000000e+01
7.770000000000000000e+02 7.280000000000000000e+02 2.200000000000000000e+01 1.900000000000000000e+01
7.750000000000000000e+02 7.300000000000000000e+02 2.200000000000000000e+01 1.900000000000000000e+01
7.740000000000000000e+02 7.310000000000000000e+02 2.100000000000000000e+01 1.900000000000000000e+01
7.720000000000000000e+02 7.330000000000000000e+02 2.100000000000000000e+01 1.800000000000000000e+01
7.710000000000000000e+02 7.350000000000000000e+02 2.100000000000000000e+01 1.800000000000000000e+01
7.680000000000000000e+02 7.350000000000000000e+02 2.100000000000000000e+01 1.900000000000000000e+01
7.660000000000000000e+02 7.370000000000000000e+02 2.100000000000000000e+01 1.800000000000000000e+01
7.650000000000000000e+02 7.390000000000000000e+02 2.200000000000000000e+01 1.700000000000000000e+01
7.630000000000000000e+02 7.400000000000000000e+02 2.100000000000000000e+01 1.800000000000000000e+01
7.610000000000000000e+02 7.400000000000000000e+02 2.100000000000000000e+01 1.800000000000000000e+01
7.590000000000000000e+02 7.420000000000000000e+02 2.100000000000000000e+01 1.900000000000000000e+01
7.580000000000000000e+02 7.430000000000000000e+02 2.000000000000000000e+01 1.800000000000000000e+01
7.570000000000000000e+02 7.450000000000000000e+02 2.000000000000000000e+01 1.700000000000000000e+01
7.550000000000000000e+02 7.470000000000000000e+02 2.000000000000000000e+01 1.700000000000000000e+01
7.540000000000000000e+02 7.470000000000000000e+02 2.000000000000000000e+01 1.800000000000000000e+01
7.520000000000000000e+02 7.480000000000000000e+02 2.100000000000000000e+01 1.800000000000000000e+01
7.510000000000000000e+02 7.520000000000000000e+02 1.900000000000000000e+01 1.500000000000000000e+01
7.490000000000000000e+02 7.500000000000000000e+02 2.200000000000000000e+01 1.900000000000000000e+01
7.490000000000000000e+02 7.520000000000000000e+02 2.300000000000000000e+01 1.800000000000000000e+01
7.470000000000000000e+02 7.550000000000000000e+02 2.000000000000000000e+01 1.500000000000000000e+01
7.450000000000000000e+02 7.540000000000000000e+02 2.200000000000000000e+01 1.800000000000000000e+01
7.450000000000000000e+02 7.550000000000000000e+02 1.900000000000000000e+01 1.800000000000000000e+01
7.430000000000000000e+02 7.560000000000000000e+02 2.100000000000000000e+01 1.800000000000000000e+01
7.420000000000000000e+02 7.570000000000000000e+02 2.000000000000000000e+01 1.800000000000000000e+01
7.410000000000000000e+02 7.590000000000000000e+02 2.100000000000000000e+01 1.700000000000000000e+01
7.390000000000000000e+02 7.600000000000000000e+02 2.100000000000000000e+01 1.700000000000000000e+01
7.390000000000000000e+02 7.600000000000000000e+02 2.000000000000000000e+01 1.800000000000000000e+01
7.370000000000000000e+02 7.610000000000000000e+02 2.000000000000000000e+01 1.700000000000000000e+01
7.360000000000000000e+02 7.630000000000000000e+02 1.900000000000000000e+01 1.700000000000000000e+01
7.340000000000000000e+02 7.630000000000000000e+02 2.100000000000000000e+01 1.800000000000000000e+01
7.330000000000000000e+02 7.650000000000000000e+02 2.000000000000000000e+01 1.700000000000000000e+01
7.320000000000000000e+02 7.660000000000000000e+02 2.000000000000000000e+01 1.700000000000000000e+01
7.310000000000000000e+02 7.660000000000000000e+02 2.000000000000000000e+01 1.900000000000000000e+01
7.290000000000000000e+02 7.680000000000000000e+02 2.000000000000000000e+01 1.800000000000000000e+01
7.270000000000000000e+02 7.690000000000000000e+02 2.000000000000000000e+01 1.900000000000000000e+01
7.250000000000000000e+02 7.690000000000000000e+02 2.100000000000000000e+01 1.800000000000000000e+01
7.250000000000000000e+02 7.710000000000000000e+02 2.000000000000000000e+01 1.800000000000000000e+01
7.230000000000000000e+02 7.730000000000000000e+02 2.300000000000000000e+01 1.800000000000000000e+01
7.210000000000000000e+02 7.730000000000000000e+02 2.200000000000000000e+01 1.800000000000000000e+01
7.160000000000000000e+02 7.740000000000000000e+02 2.600000000000000000e+01 1.800000000000000000e+01
7.190000000000000000e+02 7.750000000000000000e+02 2.100000000000000000e+01 1.900000000000000000e+01
7.150000000000000000e+02 7.770000000000000000e+02 2.400000000000000000e+01 1.800000000000000000e+01
7.150000000000000000e+02 7.780000000000000000e+02 2.100000000000000000e+01 1.800000000000000000e+01
7.120000000000000000e+02 7.790000000000000000e+02 2.200000000000000000e+01 1.900000000000000000e+01
7.100000000000000000e+02 7.800000000000000000e+02 2.300000000000000000e+01 1.900000000000000000e+01
7.090000000000000000e+02 7.820000000000000000e+02 2.400000000000000000e+01 1.800000000000000000e+01
7.090000000000000000e+02 7.830000000000000000e+02 2.000000000000000000e+01 1.800000000000000000e+01
7.070000000000000000e+02 7.850000000000000000e+02 2.300000000000000000e+01 1.700000000000000000e+01
7.040000000000000000e+02 7.850000000000000000e+02 2.300000000000000000e+01 1.900000000000000000e+01
7.010000000000000000e+02 7.870000000000000000e+02 2.400000000000000000e+01 1.800000000000000000e+01
6.990000000000000000e+02 7.880000000000000000e+02 2.400000000000000000e+01 1.800000000000000000e+01
6.990000000000000000e+02 7.890000000000000000e+02 2.100000000000000000e+01 1.800000000000000000e+01
6.990000000000000000e+02 7.910000000000000000e+02 2.500000000000000000e+01 1.800000000000000000e+01
6.970000000000000000e+02 7.920000000000000000e+02 2.000000000000000000e+01 1.800000000000000000e+01
6.950000000000000000e+02 7.940000000000000000e+02 2.500000000000000000e+01 1.600000000000000000e+01
6.920000000000000000e+02 7.940000000000000000e+02 2.400000000000000000e+01 1.700000000000000000e+01
6.920000000000000000e+02 7.940000000000000000e+02 2.300000000000000000e+01 1.800000000000000000e+01
6.910000000000000000e+02 7.950000000000000000e+02 2.200000000000000000e+01 1.800000000000000000e+01
6.890000000000000000e+02 7.960000000000000000e+02 2.300000000000000000e+01 1.800000000000000000e+01
6.870000000000000000e+02 7.970000000000000000e+02 2.500000000000000000e+01 1.700000000000000000e+01
6.850000000000000000e+02 7.980000000000000000e+02 2.500000000000000000e+01 1.700000000000000000e+01
6.820000000000000000e+02 7.990000000000000000e+02 2.400000000000000000e+01 1.600000000000000000e+01
6.810000000000000000e+02 7.980000000000000000e+02 2.800000000000000000e+01 1.900000000000000000e+01
6.810000000000000000e+02 8.000000000000000000e+02 2.000000000000000000e+01 1.800000000000000000e+01
6.790000000000000000e+02 8.000000000000000000e+02 2.000000000000000000e+01 1.900000000000000000e+01
6.770000000000000000e+02 8.010000000000000000e+02 2.100000000000000000e+01 1.800000000000000000e+01
6.750000000000000000e+02 8.020000000000000000e+02 2.300000000000000000e+01 1.800000000000000000e+01
6.730000000000000000e+02 8.040000000000000000e+02 2.300000000000000000e+01 1.700000000000000000e+01
6.710000000000000000e+02 8.060000000000000000e+02 2.000000000000000000e+01 1.500000000000000000e+01
6.690000000000000000e+02 8.010000000000000000e+02 2.200000000000000000e+01 2.200000000000000000e+01
6.670000000000000000e+02 8.050000000000000000e+02 2.600000000000000000e+01 1.700000000000000000e+01
6.640000000000000000e+02 8.060000000000000000e+02 2.700000000000000000e+01 1.700000000000000000e+01
6.610000000000000000e+02 8.060000000000000000e+02 2.800000000000000000e+01 1.800000000000000000e+01
6.590000000000000000e+02 8.070000000000000000e+02 2.300000000000000000e+01 1.700000000000000000e+01
6.570000000000000000e+02 8.080000000000000000e+02 2.800000000000000000e+01 1.700000000000000000e+01
6.530000000000000000e+02 8.090000000000000000e+02 2.800000000000000000e+01 1.700000000000000000e+01
6.520000000000000000e+02 8.100000000000000000e+02 2.200000000000000000e+01 1.700000000000000000e+01
6.510000000000000000e+02 8.110000000000000000e+02 2.200000000000000000e+01 1.700000000000000000e+01
6.490000000000000000e+02 8.130000000000000000e+02 2.400000000000000000e+01 1.700000000000000000e+01
6.470000000000000000e+02 8.140000000000000000e+02 2.100000000000000000e+01 1.800000000000000000e+01
6.440000000000000000e+02 8.130000000000000000e+02 2.400000000000000000e+01 2.000000000000000000e+01
6.430000000000000000e+02 8.130000000000000000e+02 2.100000000000000000e+01 1.900000000000000000e+01
6.400000000000000000e+02 8.120000000000000000e+02 2.300000000000000000e+01 2.200000000000000000e+01
6.390000000000000000e+02 8.170000000000000000e+02 2.500000000000000000e+01 1.800000000000000000e+01
6.360000000000000000e+02 8.190000000000000000e+02 2.600000000000000000e+01 1.700000000000000000e+01
6.340000000000000000e+02 8.190000000000000000e+02 3.000000000000000000e+01 1.900000000000000000e+01
6.300000000000000000e+02 8.210000000000000000e+02 2.900000000000000000e+01 1.800000000000000000e+01
6.290000000000000000e+02 8.220000000000000000e+02 2.900000000000000000e+01 1.900000000000000000e+01
6.280000000000000000e+02 8.230000000000000000e+02 2.400000000000000000e+01 1.800000000000000000e+01
6.260000000000000000e+02 8.240000000000000000e+02 2.300000000000000000e+01 1.900000000000000000e+01
6.240000000000000000e+02 8.260000000000000000e+02 2.800000000000000000e+01 1.800000000000000000e+01
6.230000000000000000e+02 8.270000000000000000e+02 3.200000000000000000e+01 2.800000000000000000e+01
6.220000000000000000e+02 8.270000000000000000e+02 3.200000000000000000e+01 2.200000000000000000e+01
6.210000000000000000e+02 8.290000000000000000e+02 2.400000000000000000e+01 2.000000000000000000e+01
6.190000000000000000e+02 8.300000000000000000e+02 3.000000000000000000e+01 1.900000000000000000e+01
6.170000000000000000e+02 8.310000000000000000e+02 3.000000000000000000e+01 1.900000000000000000e+01
6.150000000000000000e+02 8.310000000000000000e+02 3.200000000000000000e+01 2.200000000000000000e+01
6.140000000000000000e+02 8.340000000000000000e+02 3.100000000000000000e+01 2.100000000000000000e+01
6.140000000000000000e+02 8.340000000000000000e+02 2.900000000000000000e+01 2.300000000000000000e+01
6.070000000000000000e+02 8.320000000000000000e+02 3.400000000000000000e+01 2.600000000000000000e+01
6.130000000000000000e+02 8.360000000000000000e+02 2.800000000000000000e+01 2.300000000000000000e+01
6.050000000000000000e+02 8.380000000000000000e+02 3.400000000000000000e+01 2.400000000000000000e+01
6.040000000000000000e+02 8.390000000000000000e+02 3.300000000000000000e+01 2.400000000000000000e+01
6.020000000000000000e+02 8.400000000000000000e+02 3.900000000000000000e+01 2.400000000000000000e+01
6.030000000000000000e+02 8.360000000000000000e+02 3.100000000000000000e+01 2.500000000000000000e+01
5.990000000000000000e+02 8.390000000000000000e+02 3.400000000000000000e+01 2.700000000000000000e+01
6.010000000000000000e+02 8.390000000000000000e+02 3.200000000000000000e+01 2.400000000000000000e+01
5.980000000000000000e+02 8.420000000000000000e+02 3.400000000000000000e+01 2.300000000000000000e+01
